demo/velocity-field.json
{"header": {"parameterUnit": "m.s-1", "parameterNumber": 2, "dx": 0.0030497457352412108, "dy": 0.0016816902470916588, "parameterNumberName": "Eastward current", "la1": 53.74513507737614, "la2": 53.506335062289125, "parameterCategory": 2, "lo2": 0.27778352565485026, "nx": 383, "ny": 142, "refTime": "2017-02-01 23:00:00", "lo1": -0.8902690909425335}, "data":
[rows 99 to 131 of 142, columns 300 to 374 of 383]
-0.8377776966,-0.8082151577,-0.7898426879,-0.7897856155,-0.7452874913,-0.6660830338,-0.658945156,-0.7264791274,-0.8100911826,-0.8607700633,-0.8463637874,-0.8311875242,-0.818510056,-0.8242281632,-0.820713649,-0.8050063317,-0.7991703631,-0.8128377276,-0.78947764,-0.7362243853,-0.6632338917,-0.6254221506,-0.5942980966,-0.57791742,-0.485504285,-0.2849658855,0.1986813313,0.3704411609,0.4144303587,0.2621492495,-0.0005758819,0.000422811,-0.2992690372,-0.3657624346,-0.3733129424,-0.3767766308,-0.358020292,-0.3335898407,-0.293189002,-0.2842213552,-0.2943146602,0.0,0.0,0.0,0.0,0.0,0.0,0.0,0.0,0.0,0.0,0.0,0.0,0.0,0.0,0.0,0.0,0.0,0.0,0.0,0.0,0.0,0.0,0.0,0.0,0.0,0.0,0.0,0.0,0.0,0.0,0.0,0.0,0.0,0.0
-0.8104108567,-0.8014426546,-0.7755280617,-0.7574545125,-0.7215023225,-0.6215266045,-0.6258156906,-0.6272164429,-0.6843786127,-0.7473294633,-0.796592084,-0.8360890381,-0.8154918998,-0.814324876,-0.8265879901,-0.8261028409,-0.8095724988,-0.7986213218,-0.78947764,-0.7362243853,-0.692980318,-0.6636697392,-0.6163495929,-0.5863707943,-0.5768989859,-0.5089570096,-0.1985692582,0.4226411274,-0.0005595676,0.0,0.0010297876,-0.3276178752,-0.4122435388,-0.3987531638,-0.3661323868,-0.344380725,-0.3525930186,-0.3492556554,-0.3094812183,-0.3134238574,-0.3264094609,0.0,0.0,0.0,0.0,0.0,0.0,0.0,0.0,0.0,0.0,0.0,0.0,0.0,0.0,0.0,0.0,0.0,0.0,0.0,0.0,0.0,0.0,0.0,0.0,0.0,0.0,0.0,0.0,0.0,0.0,0.0,0.0,0.0,0.0
-0.7108493668,-0.7203893969,-0.7153285916,-0.7159344105,-0.6857519949,-0.6231268423,-0.5900009063,-0.6127345045,-0.6149454716,-0.631908045,-0.6819900199,-0.7538630026,-0.785037639,-0.8084159921,-0.8114645612,-0.8031942428,-0.8095724988,-0.7986213218,-0.8407503975,-0.8524293351,-0.7905600272,-0.7269176773,-0.6702061071,-0.6231390114,-0.6413315729,-0.5048298283,0.2297205069,-0.0005849018,0.0,0.0003682875,-0.3440059012,-0.4334714075,-0.4433407186,-0.397617775,-0.3824253395,-0.3787404143,-0.3962788855,-0.4001220519,-0.3580245055,-0.3440265631,-0.359907905,0.0,0.0,0.0,0.0,0.0,0.0,0.0,0.0,0.0,0.0,0.0,0.0,0.0,0.0,0.0,0.0,0.0,0.0,0.0,0.0,0.0,0.0,0.0,0.0,0.0,0.0,0.0,0.0,0.0,0.0,0.0,0.0,0.0,0.0
-0.6622501018,-0.6829468597,-0.6801557813,-0.682944692,-0.6509835976,-0.6271839824,-0.621160987,-0.6113184862,-0.5960304093,-0.6052839032,-0.6087415432,-0.6544597697,-0.709417825,-0.8084159921,-0.8114645612,-0.8031942428,-0.8070017967,-0.7951614674,-0.8103998077,-0.8381710109,-0.841643921,-0.8343421977,-0.6876743761,-0.7263885177,-0.8584993579,-0.7551467029,-0.5118525459,0.0,0.0006037779,-0.4455486776,-0.5629007822,-0.4873566057,-0.4549719409,-0.4283772708,-0.4155372684,-0.4287089994,-0.4519483937,-0.4785804157,-0.4252612657,-0.4267017779,-0.4497430627,0.0,0.0,0.0,0.0,0.0,0.0,0.0,0.0,0.0,0.0,0.0,0.0,0.0,0.0,0.0,0.0,0.0,0.0,0.0,0.0,0.0,0.0,0.0,0.0,0.0,0.0,0.0,0.0,0.0,0.0,0.0,0.0,0.0,0.0
-0.6261149376,-0.6383274313,-0.6283693681,-0.6222798384,-0.6248512237,-0.6349666968,-0.6663563532,-0.6432620961,-0.6111861159,-0.5888292362,-0.6067302917,-0.6544597697,-0.709417825,-0.7593770423,-0.7807719941,-0.7684915458,-0.7689127862,-0.7829168473,-0.803651595,-0.8154989033,-0.8793739348,-0.8766382287,-0.821806943,-0.8495272152,-1.0193979029,-1.0144723015,-1.0839263889,-1.3248256408,-0.9889575522,-0.726327775,-0.5923755211,-0.5200930693,-0.5032723833,-0.5067304394,-0.5065236545,-0.4943056202,-0.5097857,-0.5175951519,-0.4509619357,-0.4639745831,-0.4912993736,0.0,0.0,0.0,0.0,0.0,0.0,0.0,0.0,0.0,0.0,0.0,0.0,0.0,0.0,0.0,0.0,0.0,0.0,0.0,0.0,0.0,0.0,0.0,0.0,0.0,0.0,0.0,0.0,0.0,0.0,0.0,0.0,0.0,0.0
-0.6076441134,-0.6147667191,-0.6013771177,-0.586975924,-0.6087326649,-0.6157113469,-0.6456629659,-0.6564426733,-0.652881689,-0.5888292362,-0.6067302917,-0.6181382065,-0.6632118637,-0.7225705707,-0.7430688898,-0.7276259249,-0.7268952018,-0.7770757074,-0.796077054,-0.815952652,-0.8743961338,-0.9196447143,-0.9481434051,-0.9658048671,-1.1244143564,-1.1185444692,-1.2326675989,-1.3441785274,-1.1248416868,-0.8786330634,-0.6837072609,-0.6514617841,-0.6402222312,-0.6127911901,-0.5763391089,-0.5422880178,-0.5620820095,-0.5655270307,-0.5134002445,-0.5467674848,-0.5948337037,0.0,0.0,0.0,0.0,0.0,0.0,0.0,0.0,0.0,0.0,0.0,0.0,0.0,0.0,0.0,0.0,0.0,0.0,0.0,0.0,0.0,0.0,0.0,0.0,0.0,0.0,0.0,0.0,0.0,0.0,0.0,0.0,0.0,0.0
-0.6145345933,-0.5989433051,-0.5826795758,-0.5680527801,-0.5907212456,-0.589953645,-0.6147724625,-0.6564426733,-0.652881689,-0.6380284596,-0.6160423711,-0.6275035954,-0.6483907549,-0.6923126575,-0.6889290889,-0.6863721837,-0.7081173061,-0.7417086265,-0.7815199677,-0.8127008519,-0.8631389682,-0.9047271563,-0.9508743984,-0.9242722479,-1.1620510797,-1.162873224,-1.2308618938,-1.3170126936,-1.2161541895,-1.0229321884,-0.85388923,-0.772502164,-0.7551465894,-0.7097672524,-0.696253711,-0.6660560295,-0.6975118619,-0.7151395569,-0.6789922837,-0.7185340848,-0.5948337037,0.0,0.0,0.0,0.0,0.0,0.0,0.0,0.0,0.0,0.0,0.0,0.0,0.0,0.0,0.0,0.0,0.0,0.0,0.0,0.0,0.0,0.0,0.0,0.0,0.0,0.0,0.0,0.0,0.0,0.0,0.0,0.0,0.0,0.0
-0.5975737194,-0.5959194916,-0.5705651751,-0.5553999948,-0.5907212456,-0.589953645,-0.6147724625,-0.6720871893,-0.6690940661,-0.6604756357,-0.6766847174,-0.6780786043,-0.6972021564,-0.7054006762,-0.6396550694,-0.6615196591,-0.6955337613,-0.7239008023,-0.7549077906,-0.7965107875,-0.8600901958,-0.8899219817,-0.9415846845,-0.9458442814,-1.1581374312,-1.1604104429,-1.197084766,-1.2411842207,-1.1725304017,-1.0885058722,-0.9971669653,-0.9422923967,-0.8738812914,-0.8328116304,-0.8432998086,-0.862259836,-0.9058337108,-0.9015388432,-0.6789922837,-0.7185340848,-0.7686714214,0.0,0.0,0.0,0.0,0.0,0.0,0.0,0.0,0.0,0.0,0.0,0.0,0.0,0.0,0.0,0.0,0.0,0.0,0.0,0.0,0.0,0.0,0.0,0.0,0.0,0.0,0.0,0.0,0.0,0.0,0.0,0.0,0.0,0.0
-0.5814311743,-0.583265057,-0.5705651751,-0.5553999948,-0.571836159,-0.5539431004,-0.578108504,-0.6386133454,-0.6794773806,-0.6944173924,-0.7449215126,-0.7543725874,-0.7404231787,-0.7572703614,-0.6337210405,-0.6584095686,-0.7064660305,-0.7408572133,-0.7665783944,-0.7903160454,-0.8289848347,-0.8592337962,-0.9362316656,-1.0530365665,-1.2969348522,-1.258234357,-1.2485723854,-1.2429236366,-1.2100878316,-1.1661531995,-1.1313393188,-1.1225337172,-1.0953917538,-1.0441844141,-1.032356795,-0.9785368864,-0.9058337108,-0.9015388432,-0.8294378902,-0.8390247031,-0.8910664561,0.0,0.0,0.0,0.0,0.0,0.0,0.0,0.0,0.0,0.0,0.0,0.0,0.0,0.0,0.0,0.0,0.0,0.0,0.0,0.0,0.0,0.0,0.0,0.0,0.0,0.0,0.0,0.0,0.0,0.0,0.0,0.0,0.0,0.0
-0.5814311743,-0.583265057,-0.5663920547,-0.5747929822,-0.5688522515,-0.5657440682,-0.5974223765,-0.6470802412,-0.6791567506,-0.6943116679,-0.7435346828,-0.8135693798,-0.8283744365,-0.8129918859,-0.6733916917,-0.7463314533,-0.8011327225,-0.8152198793,-0.8037191959,-0.8116155225,-0.8291199765,-0.8560138031,-0.9238958664,-1.0396828568,-1.2412031904,-1.2818305361,-1.2689991872,-1.254441853,-1.2114214311,-1.1756232911,-1.1574105463,-1.1744950238,-1.1968600548,-1.1638432082,-1.032356795,-0.9785368864,-0.9698498192,-0.9400205387,-0.8735337924,-0.8769511626,-0.9190234396,0.0,0.0,0.0,0.0,0.0,0.0,0.0,0.0,0.0,0.0,0.0,0.0,0.0,0.0,0.0,0.0,0.0,0.0,0.0,0.0,0.0,0.0,0.0,0.0,0.0,0.0,0.0,0.0,0.0,0.0,0.0,0.0,0.0,0.0
-0.5647065414,-0.5635570561,-0.5520514458,-0.5789780868,-0.5789254795,-0.5778872202,-0.5955591393,-0.6332443566,-0.6858772113,-0.6752492739,-0.708520143,-0.7384900455,-0.7504800006,-0.7501110689,-0.6827260898,-0.8252169217,-0.9004353306,-0.9103423327,-0.8711771552,-0.8511082625,-0.8395949328,-0.8691867478,-0.9039987267,-0.96257025,-1.069238808,-1.1452329544,-1.1728083337,-1.1859006593,-1.1652943662,-1.1475660318,-1.1403998474,-1.1478568453,-1.1968600548,-1.1638432082,-1.123445425,-1.0500167841,-1.0057116096,-0.9609264173,-0.890967092,-0.8665239326,-0.8924504443,0.0,0.0,0.0,0.0,0.0,0.0,0.0,0.0,0.0,0.0,0.0,0.0,0.0,0.0,0.0,0.0,0.0,0.0,0.0,0.0,0.0,0.0,0.0,0.0,0.0,0.0,0.0,0.0,0.0,0.0,0.0,0.0,0.0,0.0
-0.5605519439,-0.5554299253,-0.5730709646,-0.5897005044,-0.5748966271,-0.5849562692,-0.5875175742,-0.6574057941,-0.7110849094,-0.6989224296,-0.7046905254,-0.7057426316,-0.7096559996,-0.6900324912,-0.6640384417,-0.7669091405,-0.8093977487,-0.8475693674,-0.8765162388,-0.8618159141,-0.8739610481,-0.8806354888,-0.8987802582,-0.9350729671,-0.9757428523,-1.0143678192,-1.0459564348,-1.0871596931,-1.1013811931,-1.1082724943,-1.1403998474,-1.1478568453,-1.171327558,-1.1513128365,-1.114768555,-1.0784924622,-1.0313169382,-0.9690231323,-0.9125001181,-0.8879501347,-0.91624014,0.0,0.0,0.0,0.0,0.0,0.0,0.0,0.0,0.0,0.0,0.0,0.0,0.0,0.0,0.0,0.0,0.0,0.0,0.0,0.0,0.0,0.0,0.0,0.0,0.0,0.0,0.0,0.0,0.0,0.0,0.0,0.0,0.0,0.0
-0.5661248399,-0.5749065456,-0.5817734355,-0.5882428841,-0.5838435619,-0.5790422458,-0.5994298112,-0.6446441985,-0.7000611131,-0.7268811629,-0.7516977409,-0.7426126836,-0.7241517889,-0.7025928617,-0.7017535523,-0.738698328,-0.7738842008,-0.8049276103,-0.82237008,-0.8475060012,-0.8728834516,-0.8847649485,-0.9106219568,-0.9271318356,-0.9517534366,-0.9692678829,-0.9706079856,-1.0871596931,-1.1013811931,-1.1082724943,-1.1140587637,-1.118703406,-1.1430082122,-1.1382727038,-1.1264918939,-1.0969130083,-1.0529119102,-1.0134323529,-0.9868815148,-0.9763333254,-1.0100747867,0.0,0.0,0.0,0.0,0.0,0.0,0.0,0.0,0.0,0.0,0.0,0.0,0.0,0.0,0.0,0.0,0.0,0.0,0.0,0.0,0.0,0.0,0.0,0.0,0.0,0.0,0.0,0.0,0.0,0.0,0.0,0.0,0.0,0.0
-0.5513900513,-0.5495537159,-0.5916456683,-0.5844852986,-0.5831562033,-0.5911978438,-0.616314,-0.6411282661,-0.658989943,-0.6912362149,-0.7700328852,-0.7839360391,-0.776204905,-0.763925184,-0.7592003127,-0.7750520777,-0.7966951488,-0.8049437108,-0.8152445844,-0.8319352821,-0.8601125089,-0.8841081895,-0.908831908,-0.9326871949,-0.9553025421,-0.9692678829,-0.9706079856,-0.9883894882,-1.0089866513,-1.0318724195,-1.0565976467,-1.0697328997,-1.100107175,-1.1306409549,-1.1431019088,-1.1207378735,-1.0777331196,-1.0390273193,-1.0273253719,-1.0281586742,-1.053031848,0.0,0.0,0.0,0.0,0.0,0.0,0.0,0.0,0.0,0.0,0.0,0.0,0.0,0.0,0.0,0.0,0.0,0.0,0.0,0.0,0.0,0.0,0.0,0.0,0.0,0.0,0.0,0.0,0.0,0.0,0.0,0.0,0.0,0.0
-0.5362609148,-0.5310229544,-0.5470974574,-0.5685907996,-0.5720241856,-0.5981145674,-0.6531392244,-0.6646664151,-0.6543744226,-0.6819718125,-0.7443149494,-0.7806752869,-0.8072766271,-0.7920199672,-0.7815964877,-0.7943738179,-0.8108773175,-0.8261626372,-0.8343378846,-0.8341734503,-0.8546635177,-0.8720390822,-0.897441074,-0.9326871949,-0.9553025421,-0.9658082035,-0.9621132807,-0.9669265894,-0.9657857431,-0.9693219802,-0.9834488342,-0.9927294634,-1.0249008786,-1.0482035356,-1.0713103511,-1.0735735129,-1.0488952558,-1.0329758505,-1.0340739619,-1.0477440767,-1.0734368702,0.0,0.0,0.0,0.0,0.0,0.0,0.0,0.0,0.0,0.0,0.0,0.0,0.0,0.0,0.0,0.0,0.0,0.0,0.0,0.0,0.0,0.0,0.0,0.0,0.0,0.0,0.0,0.0,0.0,0.0,0.0,0.0,0.0,0.0
-0.5240570254,-0.5134666943,-0.5268737185,-0.5419245852,-0.5650827303,-0.6057067299,-0.6193747442,-0.6284507634,-0.6384082133,-0.6617102524,-0.715851841,-0.7263551115,-0.7810769169,-0.8024436981,-0.797870346,-0.801126548,-0.8107140115,-0.8247769534,-0.8360274184,-0.8441978596,-0.8535799144,-0.8720390822,-0.897441074,-0.9278844432,-0.9530740101,-0.9743715157,-0.9804154551,-0.9910367852,-0.9900838703,-0.9891552307,-0.9953873889,-0.9958986741,-1.0124875094,-1.0311661323,-1.0515497817,-1.053282567,-1.0373698686,-1.0409128533,-1.0541065122,-1.0743195652,-1.1091753108,0.0,0.0,0.0,0.0,0.0,0.0,0.0,0.0,0.0,0.0,0.0,0.0,0.0,0.0,0.0,0.0,0.0,0.0,0.0,0.0,0.0,0.0,0.0,0.0,0.0,0.0,0.0,0.0,0.0,0.0,0.0,0.0,0.0,0.0
-0.5239145509,-0.5129859301,-0.5103535799,-0.5227556544,-0.5453068412,-0.6056979778,-0.6161782195,-0.6279932532,-0.6377271083,-0.6541668548,-0.6869169144,-0.6951346649,-0.7366054929,-0.7846237976,-0.8119091084,-0.8235915134,-0.8237471982,-0.8309713471,-0.8330636151,-0.8441978596,-0.8535799144,-0.8675559397,-0.8861136659,-0.9029966038,-0.9281508345,-0.9519920537,-0.9618198326,-0.9807856609,-0.9906769219,-1.0021310808,-1.0146685633,-1.0151054304,-1.0226188395,-1.0366468066,-1.0471691409,-1.0471971824,-1.0362223899,-1.0391326042,-1.0401605761,-1.0493389502,-1.0667362034,0.0,0.0,0.0,0.0,0.0,0.0,0.0,0.0,0.0,0.0,0.0,0.0,0.0,0.0,0.0,0.0,0.0,0.0,0.0,0.0,0.0,0.0,0.0,0.0,0.0,0.0,0.0,0.0,0.0,0.0,0.0,0.0,0.0,0.0
-0.5377013014,-0.5085410042,-0.5139381413,-0.51599083,-0.5274007405,-0.5537941124,-0.5945752481,-0.6358627529,-0.6526019052,-0.6617204084,-0.6837794702,-0.6873604202,-0.712711015,-0.7458367125,-0.7901389933,-0.8309255309,-0.8348922552,-0.8309713471,-0.8330636151,-0.837393765,-0.8448286229,-0.8527903838,-0.862923807,-0.8706443441,-0.8834285601,-0.8944931397,-0.9011227466,-0.9234534884,-0.9348825453,-0.9476730862,-0.9622238571,-0.9663351687,-0.9682282342,-0.9716003686,-0.9786819819,-0.9785205825,-0.9769044413,-0.9899289663,-0.9928655726,-1.0037693134,-1.0263565579,0.0,0.0,0.0,0.0,0.0,0.0,0.0,0.0,0.0,0.0,0.0,0.0,0.0,0.0,0.0,0.0,0.0,0.0,0.0,0.0,0.0,0.0,0.0,0.0,0.0,0.0,0.0,0.0,0.0,0.0,0.0,0.0,0.0,0.0
-0.504459168,-0.5155513024,-0.5263294942,-0.5276508667,-0.522802796,-0.5351138749,-0.5469962889,-0.5952649556,-0.6414540456,-0.6639674201,-0.6821934557,-0.6998848385,-0.7076116422,-0.7169165421,-0.7901389933,-0.8309255309,-0.8348922552,-0.8530757214,-0.8578391875,-0.8422010813,-0.8416578887,-0.8425237106,-0.8489696497,-0.8497442134,-0.8583100885,-0.8634959408,-0.8655889342,-0.8749289431,-0.8832006873,-0.8936291616,-0.9060204339,-0.9133953432,-0.9205955537,-0.9407153762,-0.9523950006,-0.9534682518,-0.9464829129,-0.955508391,-0.9627674045,-0.9738306261,-0.9916668561,0.0,0.0,0.0,0.0,0.0,0.0,0.0,0.0,0.0,0.0,0.0,0.0,0.0,0.0,0.0,0.0,0.0,0.0,0.0,0.0,0.0,0.0,0.0,0.0,0.0,0.0,0.0,0.0,0.0,0.0,0.0,0.0,0.0,0.0
-0.4776003853,-0.4868377956,-0.5179597321,-0.5321312309,-0.5292717919,-0.5237828926,-0.5272333802,-0.5420491465,-0.5796202831,-0.6221510473,-0.6608466678,-0.6773410853,-0.7076116422,-0.7169165421,-0.7553358654,-0.7970721569,-0.8180910289,-0.8382233679,-0.8569173416,-0.8765524043,-0.8760251713,-0.8610921019,-0.8572387101,-0.8524847599,-0.8511362295,-0.8499244737,-0.843629286,-0.8454806923,-0.8480080935,-0.8554704263,-0.8637579881,-0.8728611428,-0.8830118079,-0.9018788816,-0.9183433818,-0.9203168343,-0.9147117031,-0.9204907029,-0.9219085696,-0.9364694682,-0.9619361653,0.0,0.0,0.0,0.0,0.0,0.0,0.0,0.0,0.0,0.0,0.0,0.0,0.0,0.0,0.0,0.0,0.0,0.0,0.0,0.0,0.0,0.0,0.0,0.0,0.0,0.0,0.0,0.0,0.0,0.0,0.0,0.0,0.0,0.0
-0.4669568642,-0.4695872298,-0.4843174524,-0.5142603068,-0.5334595629,-0.5363966607,-0.52119511,-0.5274721707,-0.5367019901,-0.5590210328,-0.6608466678,-0.6773410853,-0.6849557993,-0.6955858257,-0.7298269784,-0.7668152064,-0.7976517205,-0.8272575266,-0.8392487052,-0.8499947716,-0.8887383997,-0.893882361,-0.893694635,-0.876071947,-0.866139733,-0.8597752609,-0.8538447704,-0.8486842705,-0.8493528142,-0.8519510598,-0.8565115671,-0.8616620058,-0.868838628,-0.8852856701,-0.8990956631,-0.9054994656,-0.9044873393,-0.9175862587,-0.9306746407,-0.9375146383,-0.9400312194,0.0,0.0,0.0,0.0,0.0,0.0,0.0,0.0,0.0,0.0,0.0,0.0,0.0,0.0,0.0,0.0,0.0,0.0,0.0,0.0,0.0,0.0,0.0,0.0,0.0,0.0,0.0,0.0,0.0,0.0,0.0,0.0,0.0,0.0
-0.4146263274,-0.4431433446,-0.4641755406,-0.47850042,-0.5050382397,-0.5297340151,-0.5290179963,-0.5327436036,-0.5367019901,-0.5590210328,-0.6093634241,-0.6459076826,-0.6711856183,-0.6848911371,-0.7135101736,-0.7390674639,-0.7586227331,-0.8029429061,-0.8249402883,-0.8305318755,-0.8475968376,-0.871030654,-0.9194606847,-0.9175671761,-0.8974377976,-0.8901177284,-0.8809584562,-0.8716835702,-0.8695679184,-0.8693075333,-0.8722699513,-0.8827858161,-0.8950723662,-0.9146006268,-0.9345392769,-0.9487431766,-0.9442609181,-0.9495748275,-0.945962439,-0.9514582475,-0.969461162,0.0,0.0,0.0,0.0,0.0,0.0,0.0,0.0,0.0,0.0,0.0,0.0,0.0,0.0,0.0,0.0,0.0,0.0,0.0,0.0,0.0,0.0,0.0,0.0,0.0,0.0,0.0,0.0,0.0,0.0,0.0,0.0,0.0,0.0
-0.3645641115,-0.3984992584,-0.4444176865,-0.4609614367,-0.480680185,-0.5297340151,-0.5290179963,-0.5327436036,-0.5302869316,-0.5368361269,-0.5546325527,-0.588338547,-0.630559513,-0.6604812571,-0.6929511253,-0.7112290371,-0.7252800708,-0.7542469345,-0.7878939434,-0.811727065,-0.8325156741,-0.8439883593,-0.8796682045,-0.9079443082,-0.9146456766,-0.9243655281,-0.9245720349,-0.9218797155,-0.9109710588,-0.9055342769,-0.9063295489,-0.9135273648,-0.9324152817,-0.954693442,-0.9754687101,-0.9996559964,-1.0039966409,-1.0178266758,-1.0295998449,-0.9514582475,-0.969461162,0.0,0.0,0.0,0.0,0.0,0.0,0.0,0.0,0.0,0.0,0.0,0.0,0.0,0.0,0.0,0.0,0.0,0.0,0.0,0.0,0.0,0.0,0.0,0.0,0.0,0.0,0.0,0.0,0.0,0.0,0.0,0.0,0.0,0.0
-0.3340191038,-0.3624641364,-0.3999353198,-0.4609614367,-0.480680185,-0.5193869482,-0.5292638601,-0.543042441,-0.5428807353,-0.5359831615,-0.5456399347,-0.5514514902,-0.5745329796,-0.6098931495,-0.6578230066,-0.6972732875,-0.7109214268,-0.7266914766,-0.7454247344,-0.7731073863,-0.8002341174,-0.8218632015,-0.850175573,-0.8703884076,-0.8903558624,-0.917790145,-0.9282130472,-0.9489270568,-0.9514343518,-0.9503816837,-0.9508851989,-0.9533885117,-0.9755711872,-0.998523736,-1.0112174529,-1.0291303177,-1.0357556909,-1.0178266758,-1.0295998449,-1.0414952497,-1.0661283996,0.0,0.0,0.0,0.0,0.0,0.0,0.0,0.0,0.0,0.0,0.0,0.0,0.0,0.0,0.0,0.0,0.0,0.0,0.0,0.0,0.0,0.0,0.0,0.0,0.0,0.0,0.0,0.0,0.0,0.0,0.0,0.0,0.0,0.0
-0.3209048189,-0.3624641364,-0.3999353198,-0.4319408778,-0.4695440032,-0.5170895619,-0.5359878596,-0.5521657605,-0.5598780576,-0.5565153414,-0.5499461306,-0.5493731097,-0.5565107799,-0.565922244,-0.5987249952,-0.6439106288,-0.68135272,-0.7130226126,-0.722790619,-0.737024519,-0.7577898255,-0.7768963009,-0.8109038393,-0.8252578914,-0.8389810606,-0.8673598675,-0.8850922153,-0.9161039591,-0.9307496973,-0.9502465836,-0.9634084489,-0.9645316623,-0.9720307434,-0.9608480941,-0.9419742867,-1.0291303177,-1.0357556909,-1.0556712799,-1.0619905813,-1.0600653425,-1.0595455636,0.0,0.0,0.0,0.0,0.0,0.0,0.0,0.0,0.0,0.0,0.0,0.0,0.0,0.0,0.0,0.0,0.0,0.0,0.0,0.0,0.0,0.0,0.0,0.0,0.0,0.0,0.0,0.0,0.0,0.0,0.0,0.0,0.0,0.0
-0.3209048189,-0.3493323006,-0.3801801349,-0.4115167582,-0.4569171912,-0.5110714933,-0.527755168,-0.5539473229,-0.5651399149,-0.5715507103,-0.5796677572,-0.5735506344,-0.5683187388,-0.5688970052,-0.5750713481,-0.594293054,-0.6265221804,-0.6693802653,-0.6998750046,-0.7173397708,-0.7353244473,-0.7523082994,-0.7717426852,-0.7827811717,-0.7867617171,-0.7943254265,-0.8122769454,-0.8481966138,-0.8629243185,-0.8773545162,-0.8884579349,-0.8865933872,-0.8933142415,-0.9608480941,-0.9419742867,-0.9289652571,-0.9213600774,-0.9316852044,-0.9258820867,-0.9223504736,-0.9195690859,0.0,0.0,0.0,0.0,0.0,0.0,0.0,0.0,0.0,0.0,0.0,0.0,0.0,0.0,0.0,0.0,0.0,0.0,0.0,0.0,0.0,0.0,0.0,0.0,0.0,0.0,0.0,0.0,0.0,0.0,0.0,0.0,0.0,0.0
-0.2937371115,-0.3505968555,-0.3766279229,-0.3988664837,-0.438904788,-0.4920226244,-0.5143342822,-0.5440366704,-0.5605640224,-0.5741349933,-0.5931792346,-0.5990233884,-0.6032901696,-0.6021802469,-0.5981896264,-0.601535611,-0.6103087268,-0.6307969852,-0.6533772364,-0.6815334624,-0.705255255,-0.7265252782,-0.7482251247,-0.7596727186,-0.7609633729,-0.7623964253,-0.7628558408,-0.7767416275,-0.7799472814,-0.7811648504,-0.7821148421,-0.8865933872,-0.8933142415,-0.8781954167,-0.8489937173,-0.8223378329,-0.8104370665,-0.8008836809,-0.7873373256,-0.786397665,-0.7940375145,0.0,0.0,0.0,0.0,0.0,0.0,0.0,0.0,0.0,0.0,0.0,0.0,0.0,0.0,0.0,0.0,0.0,0.0,0.0,0.0,0.0,0.0,0.0,0.0,0.0,0.0,0.0,0.0,0.0,0.0,0.0,0.0,0.0,0.0
-0.2319796144,-0.2833012771,-0.3500426464,-0.3852487474,-0.4132011376,-0.4519792866,-0.4801296228,-0.5143022092,-0.536439768,-0.5535541441,-0.578463154,-0.5935593533,-0.6122942199,-0.626130008,-0.6259297091,-0.6329567877,-0.6407233327,-0.6528375478,-0.6614604768,-0.6680154881,-0.6738924589,-0.6851460558,-0.703788489,-0.7154407035,-0.7173280114,-0.7149526986,-0.7076303363,-0.7131645936,-0.7799472814,-0.7811648504,-0.7821148421,-0.7854687625,-0.8058680135,-0.8157299672,-0.8120137379,-0.7992036805,-0.7852913159,-0.7683358729,-0.749078311,-0.7447657816,-0.7388913239,0.0,0.0,0.0,0.0,0.0,0.0,0.0,0.0,0.0,0.0,0.0,0.0,0.0,0.0,0.0,0.0,0.0,0.0,0.0,0.0,0.0,0.0,0.0,0.0,0.0,0.0,0.0,0.0,0.0,0.0,0.0,0.0,0.0,0.0
-0.187196865,-0.239399352,-0.2860307569,-0.3351174833,-0.4044317645,-0.432205519,-0.4474131741,-0.4655070784,-0.4869615279,-0.5132169273,-0.5510358561,-0.5740870615,-0.5978778922,-0.6124426232,-0.6223566602,-0.6395583209,-0.655110782,-0.6774210176,-0.6945194222,-0.7046372023,-0.7019525772,-0.6922004086,-0.6788740654,-0.6701037904,-0.6560622199,-0.6461720764,-0.7076303363,-0.7131645936,-0.7192732794,-0.7255519342,-0.7246991367,-0.7206633725,-0.7234686369,-0.7270639649,-0.7253726695,-0.7227290558,-0.7401494621,-0.7460426722,-0.7355839494,-0.7272746457,-0.7148583006,0.0,0.0,0.0,0.0,0.0,0.0,0.0,0.0,0.0,0.0,0.0,0.0,0.0,0.0,0.0,0.0,0.0,0.0,0.0,0.0,0.0,0.0,0.0,0.0,0.0,0.0,0.0,0.0,0.0,0.0,0.0,0.0,0.0,0.0
-0.1568520684,-0.2097654313,-0.2582244772,-0.3087586727,-0.3605871668,-0.4268908013,-0.4423877856,-0.4344469002,-0.4387442744,-0.4521361218,-0.4850157387,-0.5165984642,-0.5564833028,-0.5856294397,-0.6045951063,-0.6271432118,-0.6444931493,-0.673111337,-0.6965802687,-0.7082869809,-0.7136196547,-0.715577644,-0.7105260854,-0.6947614317,-0.6560622199,-0.6461720764,-0.6343100196,-0.6308494033,-0.6293376908,-0.6337417768,-0.6441551967,-0.664190358,-0.6817155217,-0.6921056732,-0.6925221053,-0.689478952,-0.7060335386,-0.7143972197,-0.7097530459,-0.7055433053,-0.695653287,0.0,0.0,0.0,0.0,0.0,0.0,0.0,0.0,0.0,0.0,0.0,0.0,0.0,0.0,0.0,0.0,0.0,0.0,0.0,0.0,0.0,0.0,0.0,0.0,0.0,0.0,0.0,0.0,0.0,0.0,0.0,0.0,0.0,0.0
-0.0663119224,-0.1008308666,-0.1985484121,-0.2633573059,-0.3680740561,-0.3267433231,-0.3788295738,-0.4083844655,-0.4168238829,-0.4139185812,-0.4313726263,-0.4487121424,-0.4775203736,-0.5050317424,-0.5339373653,-0.5669916469,-0.5973250637,-0.6383998338,-0.6724024127,-0.6977174956,-0.7126277087,-0.7179482567,-0.7105260854,-0.6947614317,-0.6656816298,-0.6404122214,-0.6133879823,-0.5954926393,-0.5788855996,-0.577473141,-0.5843197257,-0.6022690232,-0.6175833399,-0.6383070963,-0.6516583928,-0.664474375,-0.6866794163,-0.6921714421,-0.690236932,-0.6853820513,-0.6765501567,0.0,0.0,0.0,0.0,0.0,0.0,0.0,0.0,0.0,0.0,0.0,0.0,0.0,0.0,0.0,0.0,0.0,0.0,0.0,0.0,0.0,0.0,0.0,0.0,0.0,0.0,0.0,0.0,0.0,0.0,0.0,0.0,0.0,0.0
0.0275631458,0.0599295272,-0.0014392762,-0.0049609141,-0.0370168407,-0.1928630725,-0.183868942,-0.2659216302,-0.3438978929,-0.3878977215,-0.4089209796,-0.4168892702,-0.4310497127,-0.4450231007,-0.4626695758,-0.4871134918,-0.5137660896,-0.5540531073,-0.5880916742,-0.6212807219,-0.7126277087,-0.7179482567,-0.716718117,-0.7043140237,-0.6815792927,-0.6624429858,-0.6297971965,-0.6041583172,-0.5898623538,-0.5677733852,-0.5594845823,-0.5685486039,-0.5853559416,-0.5990515872,-0.6069292108,-0.6185565552,-0.6472557316,-0.6627112799,-0.6711184893,-0.6679832604,-0.6593784026,0.0,0.0,0.0,0.0,0.0,0.0,0.0,0.0,0.0,0.0,0.0,0.0,0.0,0.0,0.0,0.0,0.0,0.0,0.0,0.0,0.0,0.0,0.0,0.0,0.0,0.0,0.0,0.0,0.0,0.0,0.0,0.0,0.0,0.0
0.0003083004,0.1690979823,0.2549478079,0.2639254021,0.0087037873,0.0023387171,-0.0673015804,-0.2255376746,-0.1794834822,-0.2774553813,-0.3530016114,-0.3954302641,-0.4104321758,-0.41783374,-0.4282812852,-0.4414387374,-0.4599404533,-0.5540531073,-0.5880916742,-0.6212807219,-0.6538029039,-0.6770733158,-0.691081889,-0.6911579796,-0.6756349557,-0.6557393063,-0.6275806952,-0.6072486352,-0.591446227,-0.5835792832,-0.5814618401,-0.5808240108,-0.5769112685,-0.5845076458,-0.594112135,-0.6053014014,-0.6283745904,-0.6451152068,-0.6541003808,-0.6513294718,-0.6440153092,0.0,0.0,0.0,0.0,0.0,0.0,0.0,0.0,0.0,0.0,0.0,0.0,0.0,0.0,0.0,0.0,0.0,0.0,0.0,0.0,0.0,0.0,0.0,0.0,0.0,0.0,0.0,0.0,0.0,0.0,0.0,0.0,0.0,0.0
